15
31
46
62
77
93
108
123
139
154
170
185
200
216
231
246
262
277
292
308
323
338
353
369
384
399
414
429
444
459
474
489
504
519
534
549
564
579
594
608
623
638
652
667
682
696
711
725
740
754
768
783
797
811
825
839
853
867
881
895
909
923
937
950
964
978
991
1005
1018
1031
1045
1058
1071
1084
1097
1110
1123
1136
1149
1162
1174
1187
1200
1212
1225
1237
1249
1261
1273
1286
1297
1309
1321
1333
1345
1356
1368
1379
1391
1402
1413
1424
1435
1446
1457
1468
1479
1489
1500
1510
1521
1531
1541
1551
1561
1571
1581
1591
1601
1610
1620
1629
1639
1648
1657
1666
1675
1684
1692
1701
1710
1718
1726
1735
1743
1751
1759
1767
1774
1782
1790
1797
1805
1812
1819
1826
1833
1840
1846
1853
1860
1866
1872
1879
1885
1891
1897
1902
1908
1914
1919
1924
1930
1935
1940
1945
1949
1954
1959
1963
1967
1972
1976
1980
1984
1987
1991
1995
1998
2001
2005
2008
2011
2014
2016
2019
2022
2024
2026
2028
2031
2032
2034
2036
2038
2039
2041
2042
2043
2044
2045
2046
2046
2047
2047
2048
2048
2048
2048
2048
2048
2047
2047
2046
2045
2045
2044
2043
2041
2040
2039
2037
2035
2034
2032
2030
2028
2026
2023
2021
2018
2015
2013
2010
2007
2004
2000
1997
1993
1990
1986
1982
1978
1974
1970
1966
1962
1957
1952
1948
1943
1938
1933
1928
1923
1917
1912
1906
1900
1895
1889
1883
1876
1870
1864
1857
1851
1844
1837
1831
1824
1817
1809
1802
1795
1787
1780
1772
1764
1756
1748
1740
1732
1724
1715
1707
1698
1690
1681
1672
1663
1654
1645
1635
1626
1617
1607
1598
1588
1578
1568
1558
1548
1538
1528
1517
1507
1496
1486
1475
1464
1454
1443
1432
1421
1409
1398
1387
1375
1364
1352
1341
1329
1317
1305
1294
1282
1269
1257
1245
1233
1220
1208
1195
1183
1170
1158
1145
1132
1119
1106
1093
1080
1067
1054
1040
1027
1014
1000
987
973
959
946
932
918
904
891
877
863
849
835
820
806
792
778
763
749
735
720
706
691
677
662
648
633
618
603
589
574
559
544
529
514
499
484
469
454
439
424
409
394
379
363
348
333
318
303
287
272
257
241
226
211
195
180
165
149
134
118
103
87
72
57
41
26
10
-5
-21
-36
-51
-67
-82
-98
-113
-129
-144
-159
-175
-190
-206
-221
-236
-252
-267
-282
-298
-313
-328
-343
-358
-374
-389
-404
-419
-434
-449
-464
-479
-494
-509
-524
-539
-554
-569
-584
-599
-613
-628
-643
-657
-672
-686
-701
-716
-730
-744
-759
-773
-787
-802
-816
-830
-844
-858
-872
-886
-900
-914
-928
-941
-955
-969
-982
-996
-1009
-1023
-1036
-1049
-1062
-1076
-1089
-1102
-1115
-1128
-1141
-1153
-1166
-1179
-1191
-1204
-1216
-1229
-1241
-1253
-1265
-1278
-1290
-1302
-1313
-1325
-1337
-1349
-1360
-1372
-1383
-1394
-1406
-1417
-1428
-1439
-1450
-1461
-1472
-1482
-1493
-1503
-1514
-1524
-1535
-1545
-1555
-1565
-1575
-1585
-1594
-1604
-1614
-1623
-1632
-1642
-1651
-1660
-1669
-1678
-1687
-1695
-1704
-1712
-1721
-1729
-1737
-1746
-1754
-1762
-1769
-1777
-1785
-1792
-1800
-1807
-1814
-1821
-1828
-1835
-1842
-1849
-1855
-1862
-1868
-1874
-1881
-1887
-1893
-1898
-1904
-1910
-1915
-1921
-1926
-1931
-1936
-1941
-1946
-1951
-1956
-1960
-1965
-1969
-1973
-1977
-1981
-1985
-1989
-1992
-1996
-1999
-2003
-2006
-2009
-2012
-2015
-2017
-2020
-2022
-2025
-2027
-2029
-2031
-2033
-2035
-2037
-2038
-2040
-2041
-2042
-2043
-2044
-2045
-2046
-2047
-2047
-2047
-2048
-2048
-2048
-2048
-2048
-2047
-2047
-2047
-2046
-2045
-2044
-2043
-2042
-2041
-2040
-2038
-2037
-2035
-2033
-2031
-2029
-2027
-2025
-2022
-2020
-2017
-2015
-2012
-2009
-2006
-2003
-1999
-1996
-1992
-1989
-1985
-1981
-1977
-1973
-1969
-1964
-1960
-1956
-1951
-1946
-1941
-1936
-1931
-1926
-1921
-1915
-1910
-1904
-1898
-1893
-1887
-1881
-1874
-1868
-1862
-1855
-1849
-1842
-1835
-1828
-1821
-1814
-1807
-1800
-1792
-1785
-1777
-1769
-1761
-1754
-1745
-1737
-1729
-1721
-1712
-1704
-1695
-1687
-1678
-1669
-1660
-1651
-1642
-1632
-1623
-1613
-1604
-1594
-1584
-1575
-1565
-1555
-1545
-1534
-1524
-1514
-1503
-1493
-1482
-1472
-1461
-1450
-1439
-1428
-1417
-1406
-1394
-1383
-1372
-1360
-1348
-1337
-1325
-1313
-1301
-1289
-1277
-1265
-1253
-1241
-1229
-1216
-1204
-1191
-1179
-1166
-1153
-1140
-1128
-1115
-1102
-1089
-1075
-1062
-1049
-1036
-1022
-1009
-996
-982
-968
-955
-941
-927
-914
-900
-886
-872
-858
-844
-830
-816
-801
-787
-773
-759
-744
-730
-715
-701
-686
-672
-657
-643
-628
-613
-598
-584
-569
-554
-539
-524
-509
-494
-479
-464
-449
-434
-419
-404
-389
-374
-358
-343
-328
-313
-297
-282
-267
-251
-236
-221
-205
-190
-175
-159
-144
-128
-113
-98
-82
-67
-51
-36
-20
-5
10
26
41
57
72
88
103
118
134
149
165
180
195
211
226
241
257
272
287
303
318
333
348
364
379
394
409
424
439
454
469
484
499
514
529
544
559
574
589
604
618
633
648
662
677
691
706
720
735
749
764
778
792
806
821
835
849
863
877
891
905
918
932
946
960
973
987
1000
1014
1027
1040
1054
1067
1080
1093
1106
1119
1132
1145
1158
1170
1183
1196
1208
1221
1233
1245
1257
1270
1282
1294
1306
1317
1329
1341
1353
1364
1376
1387
1398
1410
1421
1432
1443
1454
1465
1475
1486
1497
1507
1517
1528
1538
1548
1558
1568
1578
1588
1598
1607
1617
1626
1636
1645
1654
1663
1672
1681
1690
1698
1707
1715
1724
1732
1740
1748
1756
1764
1772
1780
1787
1795
1802
1809
1817
1824
1831
1838
1844
1851
1858
1864
1870
1877
1883
1889
1895
1900
1906
1912
1917
1923
1928
1933
1938
1943
1948
1953
1957
1962
1966
1970
1974
1978
1982
1986
1990
1994
1997
2000
2004
2007
2010
2013
2016
2018
2021
2023
2026
2028
2030
2032
2034
2036
2037
2039
2040
2041
2043
2044
2045
2045
2046
2047
2047
2048
2048
2048
2048
2048
2048
2047
2047
2046
2046
2045
2044
2043
2042
2041
2039
2038
2036
2034
2032
2031
2028
2026
2024
2022
2019
2016
2014
2011
2008
2005
2001
1998
1995
1991
1987
1984
1980
1976
1972
1967
1963
1959
1954
1949
1944
1940
1935
1929
1924
1919
1913
1908
1902
1896
1891
1885
1878
1872
1866
1860
1853
1846
1840
1833
1826
1819
1812
1804
1797
1790
1782
1774
1767
1759
1751
1743
1735
1726
1718
1709
1701
1692
1684
1675
1666
1657
1648
1638
1629
1620
1610
1601
1591
1581
1571
1561
1551
1541
1531
1521
1510
1500
1489
1479
1468
1457
1446
1435
1424
1413
1402
1390
1379
1368
1356
1345
1333
1321
1309
1297
1285
1273
1261
1249
1237
1224
1212
1199
1187
1174
1162
1149
1136
1123
1110
1097
1084
1071
1058
1045
1031
1018
1004
991
977
964
950
936
923
909
895
881
867
853
839
825
811
797
782
768
754
739
725
710
696
681
667
652
638
623
608
593
579
564
549
534
519
504
489
474
459
444
429
414
399
384
368
353
338
323
307
292
277
262
246
231
216
200
185
169
154
139
123
108
92
77
62
46
31
15
0
-16
-31
-47
-62
-77
-93
-108
-124
-139
-155
-170
-185
-201
-216
-231
-247
-262
-277
-293
-308
-323
-338
-354
-369
-384
-399
-414
-429
-444
-460
-475
-490
-505
-520
-534
-549
-564
-579
-594
-609
-623
-638
-653
-667
-682
-696
-711
-725
-740
-754
-768
-783
-797
-811
-825
-839
-854
-868
-882
-895
-909
-923
-937
-951
-964
-978
-991
-1005
-1018
-1032
-1045
-1058
-1071
-1085
-1098
-1111
-1124
-1136
-1149
-1162
-1175
-1187
-1200
-1212
-1225
-1237
-1249
-1262
-1274
-1286
-1298
-1310
-1321
-1333
-1345
-1356
-1368
-1379
-1391
-1402
-1413
-1424
-1436
-1447
-1457
-1468
-1479
-1490
-1500
-1511
-1521
-1531
-1541
-1552
-1562
-1572
-1581
-1591
-1601
-1610
-1620
-1629
-1639
-1648
-1657
-1666
-1675
-1684
-1693
-1701
-1710
-1718
-1727
-1735
-1743
-1751
-1759
-1767
-1775
-1782
-1790
-1797
-1805
-1812
-1819
-1826
-1833
-1840
-1847
-1853
-1860
-1866
-1872
-1879
-1885
-1891
-1897
-1902
-1908
-1914
-1919
-1924
-1930
-1935
-1940
-1945
-1949
-1954
-1959
-1963
-1967
-1972
-1976
-1980
-1984
-1988
-1991
-1995
-1998
-2002
-2005
-2008
-2011
-2014
-2016
-2019
-2022
-2024
-2026
-2029
-2031
-2033
-2034
-2036
-2038
-2039
-2041
-2042
-2043
-2044
-2045
-2046
-2046
-2047
-2047
-2048
-2048
-2048
-2048
-2048
-2048
-2047
-2047
-2046
-2045
-2045
-2044
-2043
-2041
-2040
-2039
-2037
-2035
-2034
-2032
-2030
-2028
-2025
-2023
-2021
-2018
-2015
-2013
-2010
-2007
-2004
-2000
-1997
-1993
-1990
-1986
-1982
-1978
-1974
-1970
-1966
-1961
-1957
-1952
-1948
-1943
-1938
-1933
-1928
-1922
-1917
-1912
-1906
-1900
-1894
-1889
-1882
-1876
-1870
-1864
-1857
-1851
-1844
-1837
-1830
-1823
-1816
-1809
-1802
-1795
-1787
-1779
-1772
-1764
-1756
-1748
-1740
-1732
-1723
-1715
-1707
-1698
-1689
-1681
-1672
-1663
-1654
-1644
-1635
-1626
-1616
-1607
-1597
-1588
-1578
-1568
-1558
-1548
-1538
-1527
-1517
-1507
-1496
-1486
-1475
-1464
-1453
-1442
-1431
-1420
-1409
-1398
-1387
-1375
-1364
-1352
-1341
-1329
-1317
-1305
-1293
-1281
-1269
-1257
-1245
-1232
-1220
-1208
-1195
-1183
-1170
-1157
-1144
-1132
-1119
-1106
-1093
-1080
-1067
-1053
-1040
-1027
-1013
-1000
-986
-973
-959
-945
-932
-918
-904
-890
-876
-862
-848
-834
-820
-806
-792
-777
-763
-749
-734
-720
-706
-691
-676
-662
-647
-633
-618
-603
-588
-574
-559
-544
-529
-514
-499
-484
-469
-454
-439
-424
-409
-394
-378
-363
-348
-333
-317
-302
-287
-272
-256
-241
-226
-210
-195
-180
-164
-149
-133
-118
-103
-87
-72
-56
-41
-25
-10
5
21
36
52
67
83
98
114
129
144
160
175
191
206
221
237
252
267
283
298
313
328
344
359
374
389
404
419
435
450
465
480
495
510
525
540
554
569
584
599
614
628
643
658
672
687
701
716
730
745
759
773
788
802
816
830
844
858
872
886
900
914
928
942
955
969
982
996
1009
1023
1036
1049
1063
1076
1089
1102
1115
1128
1141
1154
1166
1179
1192
1204
1217
1229
1241
1253
1266
1278
1290
1302
1314
1325
1337
1349
1360
1372
1383
1395
1406
1417
1428
1439
1450
1461
1472
1483
1493
1504
1514
1525
1535
1545
1555
1565
1575
1585
1595
1604
1614
1623
1633
1642
1651
1660
1669
1678
1687
1696
1704
1713
1721
1729
1738
1746
1754
1762
1770
1777
1785
1792
1800
1807
1814
1821
1828
1835
1842
1849
1855
1862
1868
1875
1881
1887
1893
1899
1904
1910
1915
1921
1926
1931
1936
1941
1946
1951
1956
1960
1965
1969
1973
1977
1981
1985
1989
1992
1996
1999
2003
2006
2009
2012
2015
2017
2020
2022
2025
2027
2029
2031
2033
2035
2037
2038
2040
2041
2042
2043
2044
2045
2046
2047
2047
2047
2048
2048
2048
2048
2048
2047
2047
2047
2046
2045
2044
2043
2042
2041
2040
2038
2037
2035
2033
2031
2029
2027
2025
2022
2020
2017
2014
2012
2009
2006
2002
1999
1996
1992
1989
1985
1981
1977
1973
1969
1964
1960
1955
1951
1946
1941
1936
1931
1926
1921
1915
1910
1904
1898
1892
1886
1880
1874
1868
1862
1855
1849
1842
1835
1828
1821
1814
1807
1799
1792
1784
1777
1769
1761
1753
1745
1737
1729
1721
1712
1704
1695
1686
1678
1669
1660
1651
1641
1632
1623
1613
1604
1594
1584
1574
1565
1555
1544
1534
1524
1514
1503
1493
1482
1471
1461
1450
1439
1428
1417
1405
1394
1383
1371
1360
1348
1337
1325
1313
1301
1289
1277
1265
1253
1241
1228
1216
1203
1191
1178
1166
1153
1140
1127
1114
1101
1088
1075
1062
1049
1035
1022
1009
995
982
968
955
941
927
913
899
886
872
858
844
829
815
801
787
773
758
744
730
715
701
686
671
657
642
628
613
598
583
568
554
539
524
509
494
479
464
449
434
419
404
388
373
358
343
328
312
297
282
266
251
236
220
205
190
174
159
144
128
113
97
82
66
51
36
20
5
-11
-26
-42
-57
-73
-88
-103
-119
-134
-150
-165
-180
-196
-211
-226
-242
-257
-272
-288
-303
-318
-334
-349
-364
-379
-394
-409
-425
-440
-455
-470
-485
-500
-515
-530
-545
-559
-574
-589
-604
-619
-633
-648
-663
-677
-692
-706
-721
-735
-750
-764
-778
-792
-807
-821
-835
-849
-863
-877
-891
-905
-919
-932
-946
-960
-973
-987
-1001
-1014
-1027
-1041
-1054
-1067
-1080
-1093
-1106
-1119
-1132
-1145
-1158
-1171
-1183
-1196
-1208
-1221
-1233
-1245
-1258
-1270
-1282
-1294
-1306
-1318
-1329
-1341
-1353
-1364
-1376
-1387
-1399
-1410
-1421
-1432
-1443
-1454
-1465
-1476
-1486
-1497
-1507
-1518
-1528
-1538
-1548
-1558
-1568
-1578
-1588
-1598
-1607
-1617
-1626
-1636
-1645
-1654
-1663
-1672
-1681
-1690
-1698
-1707
-1716
-1724
-1732
-1740
-1748
-1756
-1764
-1772
-1780
-1787
-1795
-1802
-1810
-1817
-1824
-1831
-1838
-1844
-1851
-1858
-1864
-1870
-1877
-1883
-1889
-1895
-1901
-1906
-1912
-1917
-1923
-1928
-1933
-1938
-1943
-1948
-1953
-1957
-1962
-1966
-1970
-1975
-1979
-1982
-1986
-1990
-1994
-1997
-2000
-2004
-2007
-2010
-2013
-2016
-2018
-2021
-2023
-2026
-2028
-2030
-2032
-2034
-2036
-2037
-2039
-2040
-2041
-2043
-2044
-2045
-2045
-2046
-2047
-2047
-2048
-2048
-2048
-2048
-2048
-2048
-2047
-2047
-2046
-2046
-2045
-2044
-2043
-2042
-2040
-2039
-2038
-2036
-2034
-2032
-2030
-2028
-2026
-2024
-2021
-2019
-2016
-2014
-2011
-2008
-2005
-2001
-1998
-1995
-1991
-1987
-1984
-1980
-1976
-1971
-1967
-1963
-1958
-1954
-1949
-1944
-1939
-1934
-1929
-1924
-1919
-1913
-1908
-1902
-1896
-1890
-1884
-1878
-1872
-1866
-1859
-1853
-1846
-1839
-1833
-1826
-1819
-1812
-1804
-1797
-1789
-1782
-1774
-1766
-1759
-1751
-1743
-1734
-1726
-1718
-1709
-1701
-1692
-1683
-1675
-1666
-1657
-1647
-1638
-1629
-1619
-1610
-1600
-1591
-1581
-1571
-1561
-1551
-1541
-1531
-1520
-1510
-1500
-1489
-1478
-1468
-1457
-1446
-1435
-1424
-1413
-1402
-1390
-1379
-1367
-1356
-1344
-1333
-1321
-1309
-1297
-1285
-1273
-1261
-1249
-1236
-1224
-1212
-1199
-1187
-1174
-1161
-1149
-1136
-1123
-1110
-1097
-1084
-1071
-1058
-1044
-1031
-1018
-1004
-991
-977
-964
-950
-936
-922
-909
-895
-881
-867
-853
-839
-825
-810
-796
-782
-768
-753
-739
-725
-710
-696
-681
-667
-652
-637
-623
-608
-593
-578
-563
-549
-534
-519
-504
-489
-474
-459
-444
-429
-414
-398
-383
-368
-353
-338
-322
-307
-292
-277
-261
-246
-231
-215
-200
-184
-169
-154
-138
-123
-107
-92
-77
-61
-46
-30
-15
1
16
31
47
62
78
93
109
124
139
155
170
186
201
216
232
247
262
278
293
308
323
339
354
369
384
399
415
430
445
460
475
490
505
520
535
550
564
579
594
609
624
638
653
667
682
697
711
726
740
754
769
783
797
811
826
840
854
868
882
896
909
923
937
951
964
978
992
1005
1018
1032
1045
1058
1072
1085
1098
1111
1124
1137
1149
1162
1175
1187
1200
1212
1225
1237
1249
1262
1274
1286
1298
1310
1322
1333
1345
1357
1368
1380
1391
1402
1413
1425
1436
1447
1457
1468
1479
1490
1500
1511
1521
1531
1542
1552
1562
1572
1581
1591
1601
1611
1620
1629
1639
1648
1657
1666
1675
1684
1693
1701
1710
1718
1727
1735
1743
1751
1759
1767
1775
1782
1790
1797
1805
1812
1819
1826
1833
1840
1847
1853
1860
1866
1872
1879
1885
1891
1897
1902
1908
1914
1919
1924
1930
1935
1940
1945
1949
1954
1959
1963
1967
1972
1976
1980
1984
1987
1991
1995
1998
2001
2005
2008
2011
2014
2016
2019
2022
2024
2026
2028
2031
2033
2034
2036
2038
2039
2041
2042
2043
2044
2045
2046
2046
2047
2047
2048
2048
2048
2048
2048
2048
2047
2047
2046
2045
2045
2044
2043
2041
2040
2039
2037
2035
2034
2032
2030
2028
2026
2023
2021
2018
2015
2013
2010
2007
2004
2000
1997
1993
1990
1986
1982
1978
1974
1970
1966
1962
1957
1952
1948
1943
1938
1933
1928
1923
1917
1912
1906
1900
1895
1889
1883
1876
1870
1864
1857
1851
1844
1837
1831
1824
1817
1809
1802
1795
1787
1780
1772
1764
1756
1748
1740
1732
1724
1715
1707
1698
1690
1681
1672
1663
1654
1645
1635
1626
1617
1607
1598
1588
1578
1568
1558
1548
1538
1528
1517
1507
1496
1486
1475
1464
1454
1443
1432
1421
1409
1398
1387
1376
1364
1353
1341
1329
1317
1306
1294
1282
1270
1257
1245
1233
1220
1208
1196
1183
1170
1158
1145
1132
1119
1106
1093
1080
1067
1054
1040
1027
1014
1000
987
973
960
946
932
918
905
891
877
863
849
835
821
806
792
778
764
749
735
720
706
691
677
662
648
633
618
604
589
574
559
544
529
515
500
485
470
455
439
424
409
394
379
364
349
333
318
303
288
272
257
242
226
211
196
180
165
149
134
119
103
88
72
57
41
26
11
-5
-20
-36
-51
-67
-82
-97
-113
-128
-144
-159
-174
-190
-205
-221
-236
-251
-267
-282
-297
-312
-328
-343
-358
-373
-388
-404
-419
-434
-449
-464
-479
-494
-509
-524
-539
-554
-569
-583
-598
-613
-628
-642
-657
-672
-686
-701
-715
-730
-744
-758
-773
-787
-801
-815
-829
-844
-858
-872
-886
-899
-913
-927
-941
-955
-968
-982
-995
-1009
-1022
-1035
-1049
-1062
-1075
-1088
-1101
-1114
-1127
-1140
-1153
-1166
-1178
-1191
-1203
-1216
-1228
-1241
-1253
-1265
-1277
-1289
-1301
-1313
-1325
-1337
-1348
-1360
-1371
-1383
-1394
-1405
-1417
-1428
-1439
-1450
-1460
-1471
-1482
-1493
-1503
-1514
-1524
-1534
-1544
-1554
-1564
-1574
-1584
-1594
-1604
-1613
-1623
-1632
-1641
-1650
-1660
-1669
-1677
-1686
-1695
-1704
-1712
-1721
-1729
-1737
-1745
-1753
-1761
-1769
-1777
-1784
-1792
-1799
-1807
-1814
-1821
-1828
-1835
-1842
-1848
-1855
-1862
-1868
-1874
-1880
-1886
-1892
-1898
-1904
-1910
-1915
-1921
-1926
-1931
-1936
-1941
-1946
-1951
-1955
-1960
-1964
-1969
-1973
-1977
-1981
-1985
-1989
-1992
-1996
-1999
-2002
-2006
-2009
-2012
-2014
-2017
-2020
-2022
-2025
-2027
-2029
-2031
-2033
-2035
-2037
-2038
-2040
-2041
-2042
-2043
-2044
-2045
-2046
-2047
-2047
-2047
-2048
-2048
-2048
-2048
-2048
-2047
-2047
-2047
-2046
-2045
-2044
-2043
-2042
-2041
-2040
-2038
-2037
-2035
-2033
-2031
-2029
-2027
-2025
-2023
-2020
-2017
-2015
-2012
-2009
-2006
-2003
-1999
-1996
-1992
-1989
-1985
-1981
-1977
-1973
-1969
-1965
-1960
-1956
-1951
-1946
-1942
-1937
-1932
-1926
-1921
-1916
-1910
-1904
-1899
-1893
-1887
-1881
-1875
-1868
-1862
-1856
-1849
-1842
-1836
-1829
-1822
-1815
-1807
-1800
-1793
-1785
-1777
-1770
-1762
-1754
-1746
-1738
-1730
-1721
-1713
-1704
-1696
-1687
-1678
-1669
-1660
-1651
-1642
-1633
-1624
-1614
-1604
-1595
-1585
-1575
-1565
-1555
-1545
-1535
-1525
-1515
-1504
-1494
-1483
-1472
-1461
-1451
-1440
-1429
-1418
-1406
-1395
-1384
-1372
-1361
-1349
-1338
-1326
-1314
-1302
-1290
-1278
-1266
-1254
-1242
-1229
-1217
-1205
-1192
-1179
-1167
-1154
-1141
-1128
-1116
-1103
-1090
-1076
-1063
-1050
-1037
-1023
-1010
-997
-983
-969
-956
-942
-928
-915
-901
-887
-873
-859
-845
-831
-817
-802
-788
-774
-760
-745
-731
-716
-702
-687
-673
-658
-644
-629
-614
-600
-585
-570
-555
-540
-525
-510
-495
-480
-465
-450
-435
-420
-405
-390
-375
-360
-344
-329
-314
-299
-283
-268
-253
-237
-222
-207
-191
-176
-161
-145
-130
-114
-99
-83
-68
-53
-37
-22
-6
9
25
40
55
71
86
102
117
133
148
163
179
194
210
225
240
256
271
286
301
317
332
347
362
378
393
408
423
438
453
468
483
498
513
528
543
558
573
587
602
617
632
646
661
676
690
705
719
734
748
762
777
791
805
819
833
847
862
876
889
903
917
931
945
958
972
986
999
1012
1026
1039
1052
1066
1079
1092
1105
1118
1131
1144
1156
1169
1182
1194
1207
1219
1232
1244
1256
1268
1280
1292
1304
1316
1328
1340
1351
1363
1374
1386
1397
1408
1420
1431
1442
1453
1463
1474
1485
1496
1506
1516
1527
1537
1547
1557
1567
1577
1587
1597
1606
1616
1625
1635
1644
1653
1662
1671
1680
1689
1697
1706
1714
1723
1731
1739
1747
1755
1763
1771
1779
1786
1794
1801
1809
1816
1823
1830
1837
1844
1850
1857
1863
1870
1876
1882
1888
1894
1900
1906
1911
1917
1922
1927
1932
1938
1942
1947
1952
1957
1961
1966
1970
1974
1978
1982
1986
1990
1993
1997
2000
2003
2006
2009
2012
2015
2018
2020
2023
2025
2028
2030
2032
2034
2035
2037
2039
2040
2041
2042
2044
2044
2045
2046
2047
2047
2048
2048
2048
2048
2048
2048
2047
2047
2046
2046
2045
2044
2043
2042
2041
2039
2038
2036
2035
2033
2031
2029
2027
2024
2022
2019
2017
2014
2011
2008
2005
2002
1998
1995
1991
1988
1984
1980
1976
1972
1968
1964
1959
1955
1950
1945
1940
1935
1930
1925
1920
1914
1909
1903
1897
1891
1885
1879
1873
1867
1860
1854
1847
1840
1834
1827
1820
1813
1805
1798
1791
1783
1775
1768
1760
1752
1744
1736
1727
1719
1711
1702
1693
1685
1676
1667
1658
1649
1640
1630
1621
1611
1602
1592
1582
1573
1563
1553
1542
1532
1522
1512
1501
1491
1480
1469
1458
1448
1437
1426
1414
1403
1392
1381
1369
1358
1346
1334
1323
1311
1299
1287
1275
1263
1251
1238
1226
1214
1201
1189
1176
1163
1151
1138
1125
1112
1099
1086
1073
1060
1046
1033
1020
1006
993
979
966
952
938
925
911
897
883
869
855
841
827
813
799
784
770
756
741
727
712
698
683
669
654
640
625
610
595
581
566
551
536
521
506
491
476
461
446
431
416
401
386
370
355
340
325
310
294
279
264
248
233
218
202
187
172
156
141
125
110
95
79
64
48
33
17
2
-13
-29
-44
-60
-75
-91
-106
-121
-137
-152
-168
-183
-198
-214
-229
-244
-260
-275
-290
-306
-321
-336
-351
-367
-382
-397
-412
-427
-442
-457
-472
-487
-502
-517
-532
-547
-562
-577
-592
-606
-621
-636
-650
-665
-680
-694
-709
-723
-738
-752
-766
-781
-795
-809
-823
-837
-851
-865
-879
-893
-907
-921
-935
-948
-962
-976
-989
-1003
-1016
-1030
-1043
-1056
-1069
-1082
-1096
-1109
-1122
-1134
-1147
-1160
-1173
-1185
-1198
-1210
-1223
-1235
-1247
-1260
-1272
-1284
-1296
-1308
-1320
-1331
-1343
-1355
-1366
-1378
-1389
-1400
-1412
-1423
-1434
-1445
-1456
-1466
-1477
-1488
-1498
-1509
-1519
-1530
-1540
-1550
-1560
-1570
-1580
-1590
-1599
-1609
-1618
-1628
-1637
-1646
-1656
-1665
-1674
-1682
-1691
-1700
-1708
-1717
-1725
-1733
-1742
-1750
-1758
-1766
-1773
-1781
-1789
-1796
-1803
-1811
-1818
-1825
-1832
-1839
-1845
-1852
-1859
-1865
-1871
-1878
-1884
-1890
-1896
-1901
-1907
-1913
-1918
-1924
-1929
-1934
-1939
-1944
-1949
-1953
-1958
-1962
-1967
-1971
-1975
-1979
-1983
-1987
-1991
-1994
-1998
-2001
-2004
-2007
-2010
-2013
-2016
-2019
-2021
-2024
-2026
-2028
-2030
-2032
-2034
-2036
-2037
-2039
-2040
-2042
-2043
-2044
-2045
-2046
-2046
-2047
-2047
-2048
-2048
-2048
-2048
-2048
-2048
-2047
-2047
-2046
-2046
-2045
-2044
-2043
-2042
-2040
-2039
-2037
-2036
-2034
-2032
-2030
-2028
-2026
-2024
-2021
-2019
-2016
-2013
-2010
-2007
-2004
-2001
-1998
-1994
-1990
-1987
-1983
-1979
-1975
-1971
-1967
-1962
-1958
-1953
-1949
-1944
-1939
-1934
-1929
-1923
-1918
-1913
-1907
-1901
-1896
-1890
-1884
-1877
-1871
-1865
-1859
-1852
-1845
-1839
-1832
-1825
-1818
-1811
-1803
-1796
-1788
-1781
-1773
-1765
-1758
-1750
-1741
-1733
-1725
-1717
-1708
-1700
-1691
-1682
-1673
-1664
-1655
-1646
-1637
-1628
-1618
-1609
-1599
-1589
-1580
-1570
-1560
-1550
-1540
-1529
-1519
-1509
-1498
-1488
-1477
-1466
-1455
-1445
-1434
-1422
-1411
-1400
-1389
-1377
-1366
-1354
-1343
-1331
-1319
-1307
-1296
-1284
-1272
-1259
-1247
-1235
-1223
-1210
-1198
-1185
-1172
-1160
-1147
-1134
-1121
-1108
-1095
-1082
-1069
-1056
-1043
-1029
-1016
-1002
-989
-975
-962
-948
-934
-921
-907
-893
-879
-865
-851
-837
-823
-809
-795
-780
-766
-752
-737
-723
-708
-694
-679
-665
-650
-635
-621
-606
-591
-576
-562
-547
-532
-517
-502
-487
-472
-457
-442
-427
-412
-397
-381
-366
-351
-336
-321
-305
-290
-275
-259
-244
-229
-213
-198
-183
-167
-152
-137
-121
-106
-90
-75
-59
-44
-29
-13
2
18
33
49
64
79
95
110
126
141
157
172
187
203
218
233
249
264
279
295
310
325
340
356
371
386
401
416
431
446
461
477
492
507
521
536
551
566
581
596
610
625
640
655
669
684
698
713
727
742
756
770
785
799
813
827
841
855
869
883
897
911
925
939
952
966
980
993
1007
1020
1033
1047
1060
1073
1086
1099
1112
1125
1138
1151
1164
1176
1189
1201
1214
1226
1239
1251
1263
1275
1287
1299
1311
1323
1335
1346
1358
1369
1381
1392
1403
1415
1426
1437
1448
1459
1469
1480
1491
1501
1512
1522
1532
1543
1553
1563
1573
1583
1592
1602
1612
1621
1630
1640
1649
1658
1667
1676
1685
1694
1702
1711
1719
1728
1736
1744
1752
1760
1768
1775
1783
1791
1798
1805
1813
1820
1827
1834
1841
1847
1854
1860
1867
1873
1879
1885
1891
1897
1903
1909
1914
1920
1925
1930
1935
1940
1945
1950
1955
1959
1964
1968
1972
1976
1980
1984
1988
1992
1995
1999
2002
2005
2008
2011
2014
2017
2019
2022
2024
2027
2029
2031
2033
2035
2036
2038
2039
2041
2042
2043
2044
2045
2046
2046
2047
2047
2048
2048
2048
2048
2048
2048
2047
2047
2046
2045
2044
2044
2042
2041
2040
2038
2037
2035
2034
2032
2030
2027
2025
2023
2020
2018
2015
2012
2009
2006
2003
2000
1997
1993
1989
1986
1982
1978
1974
1970
1965
1961
1957
1952
1947
1942
1937
1932
1927
1922
1917
1911
1905
1900
1894
1888
1882
1876
1870
1863
1857
1850
1843
1837
1830
1823
1816
1809
1801
1794
1786
1779
1771
1763
1755
1747
1739
1731
1723
1714
1706
1697
1689
1680
1671
1662
1653
1644
1634
1625
1616
1606
1596
1587
1577
1567
1557
1547
1537
1527
1516
1506
1495
1485
1474
1463
1452
1441
1430
1419
1408
1397
1386
1374
1363
1351
1340
1328
1316
1304
1292
1280
1268
1256
1244
1231
1219
1207
1194
1182
1169
1156
1143
1131
1118
1105
1092
1079
1065
1052
1039
1026
1012
999
985
972
958
944
931
917
903
889
875
861
847
833
819
805
791
776
762
748
733
719
704
690
675
661
646
631
617
602
587
572
558
543
528
513
498
483
468
453
438
423
408
392
377
362
347
332
316
301
286
271
255
240
225
209
194
178
163
148
132
117
101
86
71
55
40
24
9
-7
-22
-37
-53
-68
-84
-99
-115
-130
-145
-161
-176
-192
-207
-222
-238
-253
-268
-284
-299
-314
-329
-345
-360
-375
-390
-405
-420
-436
-451
-466
-481
-496
-511
-526
-541
-555
-570
-585
-600
-615
-629
-644
-659
-673
-688
-702
-717
-731
-746
-760
-774
-789
-803
-817
-831
-845
-859
-873
-887
-901
-915
-929
-942
-956
-970
-983
-997
-1010
-1024
-1037
-1050
-1064
-1077
-1090
-1103
-1116
-1129
-1142
-1154
-1167
-1180
-1192
-1205
-1217
-1230
-1242
-1254
-1266
-1278
-1291
-1302
-1314
-1326
-1338
-1350
-1361
-1373
-1384
-1395
-1407
-1418
-1429
-1440
-1451
-1462
-1472
-1483
-1494
-1504
-1515
-1525
-1535
-1546
-1556
-1566
-1576
-1585
-1595
-1605
-1614
-1624
-1633
-1642
-1652
-1661
-1670
-1678
-1687
-1696
-1705
-1713
-1722
-1730
-1738
-1746
-1754
-1762
-1770
-1778
-1785
-1793
-1800
-1807
-1815
-1822
-1829
-1836
-1842
-1849
-1856
-1862
-1869
-1875
-1881
-1887
-1893
-1899
-1905
-1910
-1916
-1921
-1926
-1932
-1937
-1942
-1947
-1951
-1956
-1960
-1965
-1969
-1973
-1977
-1981
-1985
-1989
-1993
-1996
-1999
-2003
-2006
-2009
-2012
-2015
-2017
-2020
-2023
-2025
-2027
-2029
-2031
-2033
-2035
-2037
-2038
-2040
-2041
-2042
-2043
-2044
-2045
-2046
-2047
-2047
-2048
-2048
-2048
-2048
-2048
-2048
-2047
-2047
-2047
-2046
-2045
-2044
-2043
-2042
-2041
-2040
-2038
-2036
-2035
-2033
-2031
-2029
-2027
-2025
-2022
-2020
-2017
-2014
-2012
-2009
-2006
-2002
-1999
-1996
-1992
-1988
-1985
-1981
-1977
-1973
-1969
-1964
-1960
-1955
-1951
-1946
-1941
-1936
-1931
-1926
-1920
-1915
-1909
-1904
-1898
-1892
-1886
-1880
-1874
-1868
-1861
-1855
-1848
-1842
-1835
-1828
-1821
-1814
-1807
-1799
-1792
-1784
-1777
-1769
-1761
-1753
-1745
-1737
-1729
-1720
-1712
-1703
-1695
-1686
-1677
-1668
-1659
-1650
-1641
-1632
-1622
-1613
-1603
-1594
-1584
-1574
-1564
-1554
-1544
-1534
-1524
-1513
-1503
-1492
-1482
-1471
-1460
-1449
-1438
-1427
-1416
-1405
-1394
-1382
-1371
-1360
-1348
-1336
-1325
-1313
-1301
-1289
-1277
-1265
-1253
-1240
-1228
-1216
-1203
-1191
-1178
-1165
-1153
-1140
-1127
-1114
-1101
-1088
-1075
-1062
-1049
-1035
-1022
-1008
-995
-981
-968
-954
-941
-927
-913
-899
-885
-871
-857
-843
-829
-815
-801
-787
-772
-758
-744
-729
-715
-700
-686
-671
-657
-642
-627
-613
-598
-583
-568
-553
-539
-524
-509
-494
-479
-464
-449
-434
-418
-403
-388
-373
-358
-343
-327
-312
-297
-282
-266
-251
-236
-220
-205
-190
-174
-159
-143
-128
-113
-97
-82
-66
-51
-35
-20
-5
11
26
42
57
73
88
104
119
134
150
165
181
196
211
227
242
257
273
288
303
318
334
349
364
379
395
410
425
440
455
470
485
500
515
530
545
560
575
589
604
619
634
648
663
677
692
707
721
735
750
764
778
793
807
821
835
849
863
877
891
905
919
933
946
960
974
987
1001
1014
1028
1041
1054
1067
1081
1094
1107
1120
1133
1145
1158
1171
1184
1196
1209
1221
1233
1246
1258
1270
1282
1294
1306
1318
1330
1341
1353
1365
1376
1388
1399
1410
1421
1432
1443
1454
1465
1476
1486
1497
1508
1518
1528
1539
1549
1559
1569
1579
1588
1598
1608
1617
1627
1636
1645
1654
1663
1672
1681
1690
1699
1707
1716
1724
1732
1741
1749
1757
1765
1772
1780
1788
1795
1803
1810
1817
1824
1831
1838
1845
1851
1858
1864
1871
1877
1883
1889
1895
1901
1906
1912
1918
1923
1928
1933
1938
1943
1948
1953
1957
1962
1966
1971
1975
1979
1983
1986
1990
1994
1997
2001
2004
2007
2010
2013
2016
2018
2021
2023
2026
2028
2030
2032
2034
2036
2037
2039
2040
2041
2043
2044
2045
2045
2046
2047
2047
2048
2048
2048
2048
2048
2048
2047
2047
2046
2046
2045
2044
2043
2042
2040
2039
2038
2036
2034
2032
2030
2028
2026
2024
2021
2019
2016
2013
2011
2008
2004
2001
1998
1994
1991
1987
1983
1979
1975
1971
1967
1963
1958
1954
1949
1944
1939
1934
1929
1924
1919
1913
1907
1902
1896
1890
1884
1878
1872
1865
1859
1853
1846
1839
1832
1825
1818
1811
1804
1797
1789
1781
1774
1766
1758
1750
1742
1734
1726
1717
1709
1700
1692
1683
1674
1665
1656
1647
1638
1628
1619
1609
1600
1590
1580
1571
1561
1551
1540
1530
1520
1509
1499
1488
1478
1467
1456
1445
1434
1423
1412
1401
1390
1378
1367
1355
1344
1332
1320
1308
1296
1284
1272
1260
1248
1236
1223
1211
1198
1186
1173
1161
1148
1135
1122
1109
1096
1083
1070
1057
1043
1030
1017
1003
990
976
963
949
935
922
908
894
880
866
852
838
824
810
795
781
767
752
738
724
709
695
680
666
651
636
622
607
592
577
562
548
533
518
503
488
473
458
443
428
412
397
382
367
352
337
321
306
291
275
260
245
230
214
199
183
168
153
137
122
106
91
76
60
45
29
14
-2
-17
-33
-48
-63
-79
-94
-110
-125
-141
-156
-171
-187
-202
-217
-233
-248
-263
-279
-294
-309
-325
-340
-355
-370
-385
-401
-416
-431
-446
-461
-476
-491
-506
-521
-536
-551
-566
-580
-595
-610
-625
-639
-654
-669
-683
-698
-712
-727
-741
-756
-770
-784
-798
-813
-827
-841
-855
-869
-883
-897
-911
-925
-938
-952
-966
-979
-993
-1006
-1020
-1033
-1046
-1060
-1073
-1086
-1099
-1112
-1125
-1138
-1151
-1163
-1176
-1189
-1201
-1214
-1226
-1238
-1251
-1263
-1275
-1287
-1299
-1311
-1323
-1334
-1346
-1358
-1369
-1381
-1392
-1403
-1415
-1426
-1437
-1448
-1459
-1469
-1480
-1491
-1501
-1512
-1522
-1532
-1543
-1553
-1563
-1573
-1583
-1592
-1602
-1612
-1621
-1630
-1640
-1649
-1658
-1667
-1676
-1685
-1694
-1702
-1711
-1719
-1728
-1736
-1744
-1752
-1760
-1768
-1775
-1783
-1791
-1798
-1805
-1813
-1820
-1827
-1834
-1841
-1847
-1854
-1860
-1867
-1873
-1879
-1885
-1891
-1897
-1903
-1909
-1914
-1920
-1925
-1930
-1935
-1940
-1945
-1950
-1955
-1959
-1964
-1968
-1972
-1976
-1980
-1984
-1988
-1992
-1995
-1999
-2002
-2005
-2008
-2011
-2014
-2017
-2019
-2022
-2024
-2027
-2029
-2031
-2033
-2035
-2036
-2038
-2039
-2041
-2042
-2043
-2044
-2045
-2046
-2046
-2047
-2047
-2048
-2048
-2048
-2048
-2048
-2048
-2047
-2047
-2046
-2045
-2044
-2043
-2042
-2041
-2040
-2038
-2037
-2035
-2033
-2032
-2030
-2027
-2025
-2023
-2020
-2018
-2015
-2012
-2009
-2006
-2003
-2000
-1996
-1993
-1989
-1986
-1982
-1978
-1974
-1970
-1965
-1961
-1956
-1952
-1947
-1942
-1937
-1932
-1927
-1922
-1916
-1911
-1905
-1899
-1894
-1888
-1882
-1876
-1869
-1863
-1856
-1850
-1843
-1836
-1830
-1823
-1815
-1808
-1801
-1794
-1786
-1778
-1771
-1763
-1755
-1747
-1739
-1731
-1722
-1714
-1705
-1697
-1688
-1679
-1670
-1661
-1652
-1643
-1634
-1625
-1615
-1606
-1596
-1586
-1576
-1567
-1557
-1546
-1536
-1526
-1516
-1505
-1495
-1484
-1473
-1463
-1452
-1441
-1430
-1419
-1408
-1396
-1385
-1374
-1362
-1351
-1339
-1327
-1315
-1304
-1292
-1280
-1267
-1255
-1243
-1231
-1218
-1206
-1193
-1181
-1168
-1155
-1143
-1130
-1117
-1104
-1091
-1078
-1065
-1051
-1038
-1025
-1011
-998
-984
-971
-957
-943
-930
-916
-902
-888
-874
-860
-846
-832
-818
-804
-790
-775
-761
-747
-732
-718
-703
-689
-674
-660
-645
-630
-616
-601
-586
-571
-556
-542
-527
-512
-497
-482
-467
-452
-437
-422
-406
-391
-376
-361
-346
-330
-315
-300
-285
-269
-254
-239
-223
-208
-193
-177
-162
-146
-131
-116
-100
-85
-69
-54
-38
-23
-8
8
23
39
54
70
85
101
116
131
147
162
178
193
208
224
239
254
270
285
300
316
331
346
361
376
392
407
422
437
452
467
482
497
512
527
542
557
572
586
601
616
631
645
660
675
689
704
718
733
747
761
776
790
804
818
832
847
861
875
889
902
916
930
944
957
971
985
998
1012
1025
1038
1052
1065
1078
1091
1104
1117
1130
1143
1156
1168
1181
1194
1206
1219
1231
1243
1256
1268
1280
1292
1304
1316
1327
1339
1351
1362
1374
1385
1397
1408
1419
1430
1441
1452
1463
1474
1484
1495
1506
1516
1526
1537
1547
1557
1567
1577
1586
1596
1606
1615
1625
1634
1643
1653
1662
1671
1680
1688
1697
1706
1714
1723
1731
1739
1747
1755
1763
1771
1779
1786
1794
1801
1808
1816
1823
1830
1837
1843
1850
1857
1863
1869
1876
1882
1888
1894
1900
1905
1911
1916
1922
1927
1932
1937
1942
1947
1952
1957
1961
1965
1970
1974
1978
1982
1986
1989
1993
1997
2000
2003
2006
2009
2012
2015
2018
2020
2023
2025
2027
2030
2032
2034
2035
2037
2038
2040
2041
2042
2044
2044
2045
2046
2047
2047
2048
2048
2048
2048
2048
2048
2047
2047
2046
2046
2045
2044
2043
2042
2041
2039
2038
2036
2035
2033
2031
2029
2027
2024
2022
2019
2017
2014
2011
2008
2005
2002
1999
1995
1992
1988
1984
1980
1976
1972
1968
1964
1959
1955
1950
1945
1940
1935
1930
1925
1920
1914
1909
1903
1897
1891
1885
1879
1873
1867
1860
1854
1847
1840
1834
1827
1820
1813
1805
1798
1791
1783
1775
1768
1760
1752
1744
1736
1727
1719
1711
1702
1693
1685
1676
1667
1658
1649
1640
1630
1621
1611
1602
1592
1582
1572
1563
1553
1542
1532
1522
1512
1501
1491
1480
1469
1458
1447
1437
1425
1414
1403
1392
1380
1369
1357
1346
1334
1322
1311
1299
1287
1275
1263
1250
1238
1226
1213
1201
1188
1176
1163
1150
1137
1125
1112
1099
1086
1072
1059
1046
1033
1019
1006
992
979
965
952
938
924
910
897
883
869
855
841
827
812
798
784
770
755
741
726
712
698
683
668
654
639
624
610
595
580
565
550
536
521
506
491
476
461
446
431
415
400
385
370
355
340
324
309
294
278
263
248
232
217
202
186
171
156
140
125
109
94
79
63
48
32
17
1
-14
-30
-45
-60
-76
-91
-107
-122
-138
-153
-168
-184
-199
-214
-230
-245
-261
-276
-291
-306
-322
-337
-352
-367
-383
-398
-413
-428
-443
-458
-473
-488
-503
-518
-533
-548
-563
-578
-592
-607
-622
-637
-651
-666
-680
-695
-710
-724
-738
-753
-767
-781
-796
-810
-824
-838
-852
-866
-880
-894
-908
-922
-936
-949
-963
-977
-990
-1004
-1017
-1030
-1044
-1057
-1070
-1083
-1096
-1109
-1122
-1135
-1148
-1161
-1174
-1186
-1199
-1211
-1224
-1236
-1248
-1260
-1273
-1285
-1297
-1309
-1320
-1332
-1344
-1355
-1367
-1378
-1390
-1401
-1412
-1424
-1435
-1446
-1456
-1467
-1478
-1489
-1499
-1510
-1520
-1530
-1541
-1551
-1561
-1571
-1581
-1590
-1600
-1610
-1619
-1629
-1638
-1647
-1656
-1665
-1674
-1683
-1692
-1701
-1709
-1718
-1726
-1734
-1742
-1750
-1758
-1766
-1774
-1782
-1789
-1797
-1804
-1811
-1818
-1826
-1832
-1839
-1846
-1853
-1859
-1866
-1872
-1878
-1884
-1890
-1896
-1902
-1908
-1913
-1919
-1924
-1929
-1934
-1939
-1944
-1949
-1954
-1958
-1963
-1967
-1971
-1976
-1980
-1983
-1987
-1991
-1994
-1998
-2001
-2004
-2008
-2011
-2013
-2016
-2019
-2021
-2024
-2026
-2028
-2030
-2032
-2034
-2036
-2038
-2039
-2040
-2042
-2043
-2044
-2045
-2046
-2046
-2047
-2047
-2048
-2048
-2048
-2048
-2048
-2048
-2047
-2047
-2046
-2045
-2045
-2044
-2043
-2041
-2040
-2039
-2037
-2036
-2034
-2032
-2030
-2028
-2026
-2023
-2021
-2018
-2016
-2013
-2010
-2007
-2004
-2001
-1997
-1994
-1990
-1986
-1983
-1979
-1975
-1970
-1966
-1962
-1957
-1953
-1948
-1943
-1938
-1933
-1928
-1923
-1917
-1912
-1906
-1901
-1895
-1889
-1883
-1877
-1871
-1864
-1858
-1851
-1845
-1838
-1831
-1824
-1817
-1810
-1802
-1795
-1787
-1780
-1772
-1764
-1757
-1749
-1740
-1732
-1724
-1716
-1707
-1699
-1690
-1681
-1672
-1663
-1654
-1645
-1636
-1626
-1617
-1607
-1598
-1588
-1578
-1568
-1559
-1548
-1538
-1528
-1518
-1507
-1497
-1486
-1476
-1465
-1454
-1443
-1432
-1421
-1410
-1399
-1387
-1376
-1364
-1353
-1341
-1329
-1318
-1306
-1294
-1282
-1270
-1258
-1245
-1233
-1221
-1208
-1196
-1183
-1171
-1158
-1145
-1132
-1119
-1106
-1093
-1080
-1067
-1054
-1041
-1027
-1014
-1001
-987
-973
-960
-946
-932
-919
-905
-891
-877
-863
-849
-835
-821
-807
-792
-778
-764
-749
-735
-721
-706
-692
-677
-663
-648
-633
-619
-604
-589
-574
-559
-544
-530
-515
-500
-485
-470
-455
-440
-424
-409
-394
-379
-364
-349
-333
-318
-303
-288
-272
-257
-242
-226
-211
-196
-180
-165
-149
-134
-119
-103
-88
-72
-57
-41
-26
-11
5
20
36
51
67
82
98
113
128
144
159
175
190
205
221
236
251
267
282
297
313
328
343
358
373
389
404
419
434
449
464
479
494
509
524
539
554
569
584
598
613
628
642
657
672
686
701
715
730
744
759
773
787
801
816
830
844
858
872
886
900
914
927
941
955
968
982
996
1009
1022
1036
1049
1062
1075
1089
1102
1115
1128
1140
1153
1166
1179
1191
1204
1216
1229
1241
1253
1265
1277
1289
1301
1313
1325
1337
1349
1360
1372
1383
1394
1406
1417
1428
1439
1450
1461
1472
1482
1493
1503
1514
1524
1535
1545
1555
1565
1575
1585
1594
1604
1614
1623
1632
1642
1651
1660
1669
1678
1687
1695
1704
1712
1721
1729
1737
1746
1754
1762
1769
1777
1785
1792
1800
1807
1814
1821
1828
1835
1842
1849
1855
1862
1868
1874
1881
1887
1893
1898
1904
1910
1915
1921
1926
1931
1936
1941
1946
1951
1956
1960
1965
1969
1973
1977
1981
1985
1989
1992
1996
1999
2003
2006
2009
2012
2015
2017
2020
2022
2025
2027
2029
2031
2033
2035
2037
2038
2040
2041
2042
2043
2044
2045
2046
2047
2047
2047
2048
2048
2048
2048
2048
2047
2047
2047
2046
2045
2044
2043
2042
2041
2040
2038
2037
2035
2033
2031
2029
2027
2025
2022
2020
2017
2015
2012
2009
2006
2002
1999
1996
1992
1989
1985
1981
1977
1973
1969
1964
1960
1955
1951
1946
1941
1936
1931
1926
1921
1915
1910
1904
1898
1892
1886
1880
1874
1868
1862
1855
1849
1842
1835
1828
1821
1814
1807
1799
1792
1784
1777
1769
1761
1753
1745
1737
1729
1721
1712
1704
1695
1686
1678
1669
1660
1651
1641
1632
1623
1613
1604
1594
1584
1574
1564
1554
1544
1534
1524
1514
1503
1493
1482
1471
1460
1450
1439
1428
1416
1405
1394
1383
1371
1360
1348
1336
1325
1313
1301
1289
1277
1265
1253
1240
1228
1216
1203
1191
1178
1166
1153
1140
1127
1114
1101
1088
1075
1062
1049
1035
1022
1009
995
982
968
954
941
927
913
899
885
871
857
843
829
815
801
787
772
758
744
729
715
700
686
671
657
642
627
613
598
583
568
553
538
524
509
494
479
464
449
433
418
403
388
373
358
343
327
312
297
281
266
251
235
220
205
189
174
159
143
128
112
97
82
66
51
35
20
4
-11
-27
-42
-57
-73
-88
-104
-119
-135
-150
-165
-181
-196
-211
-227
-242
-258
-273
-288
-303
-319
-334
-349
-364
-380
-395
-410
-425
-440
-455
-470
-485
-500
-515
-530
-545
-560
-575
-590
-604
-619
-634
-648
-663
-678
-692
-707
-721
-736
-750
-764
-779
-793
-807
-821
-835
-850
-864
-878
-891
-905
-919
-933
-947
-960
-974
-987
-1001
-1014
-1028
-1041
-1054
-1068
-1081
-1094
-1107
-1120
-1133
-1146
-1158
-1171
-1184
-1196
-1209
-1221
-1234
-1246
-1258
-1270
-1282
-1294
-1306
-1318
-1330
-1342
-1353
-1365
-1376
-1388
-1399
-1410
-1421
-1432
-1443
-1454
-1465
-1476
-1487
-1497
-1508
-1518
-1528
-1539
-1549
-1559
-1569
-1579
-1589
-1598
-1608
-1617
-1627
-1636
-1645
-1654
-1664
-1673
-1681
-1690
-1699
-1707
-1716
-1724
-1733
-1741
-1749
-1757
-1765
-1772
-1780
-1788
-1795
-1803
-1810
-1817
-1824
-1831
-1838
-1845
-1851
-1858
-1864
-1871
-1877
-1883
-1889
-1895
-1901
-1907
-1912
-1918
-1923
-1928
-1933
-1938
-1943
-1948
-1953
-1957
-1962
-1966
-1971
-1975
-1979
-1983
-1986
-1990
-1994
-1997
-2001
-2004
-2007
-2010
-2013
-2016
-2018
-2021
-2023
-2026
-2028
-2030
-2032
-2034
-2036
-2037
-2039
-2040
-2041
-2043
-2044
-2045
-2045
-2046
-2047
-2047
-2048
-2048
-2048
-2048
-2048
-2048
-2047
-2047
-2046
-2046
-2045
-2044
-2043
-2042
-2040
-2039
-2038
-2036
-2034
-2032
-2030
-2028
-2026
-2024
-2021
-2019
-2016
-2013
-2010
-2007
-2004
-2001
-1998
-1994
-1991
-1987
-1983
-1979
-1975
-1971
-1967
-1963
-1958
-1954
-1949
-1944
-1939
-1934
-1929
-1924
-1918
-1913
-1907
-1902
-1896
-1890
-1884
-1878
-1872
-1865
-1859
-1852
-1846
-1839
-1832
-1825
-1818
-1811
-1804
-1796
-1789
-1781
-1774
-1766
-1758
-1750
-1742
-1734
-1726
-1717
-1709
-1700
-1692
-1683
-1674
-1665
-1656
-1647
-1638
-1628
-1619
-1609
-1600
-1590
-1580
-1570
-1560
-1550
-1540
-1530
-1520
-1509
-1499
-1488
-1478
-1467
-1456
-1445
-1434
-1423
-1412
-1401
-1389
-1378
-1367
-1355
-1343
-1332
-1320
-1308
-1296
-1284
-1272
-1260
-1248
-1236
-1223
-1211
-1198
-1186
-1173
-1160
-1148
-1135
-1122
-1109
-1096
-1083
-1070
-1057
-1043
-1030
-1017
-1003
-990
-976
-963
-949
-935
-921
-908
-894
-880
-866
-852
-838
-824
-809
-795
-781
-767
-752
-738
-723
-709
-695
-680
-665
-651
-636
-621
-607
-592
-577
-562
-547
-532
-518
-503
-488
-473
-458
-442
-427
-412
-397
-382
-367
-352
-336
-321
-306
-291
-275
-260
-245
-229
-214
-199
-183
-168
-152
-137
-122
-106
-91
-75
-60
-44
-29
-14
2
17
33
48
64
79
94
110
125
141
156
172
187
202
218
233
248
264
279
294
310
325
340
355
370
386
401
416
431
446
461
476
491
506
521
536
551
566
581
595
610
625
640
654
669
683
698
713
727
741
756
770
784
799
813
827
841
855
869
883
897
911
925
938
952
966
979
993
1006
1020
1033
1046
1060
1073
1086
1099
1112
1125
1138
1151
1163
1176
1189
1201
1214
1226
1239
1251
1263
1275
1287
1299
1311
1323
1335
1346
1358
1369
1381
1392
1404
1415
1426
1437
1448
1459
1470
1480
1491
1501
1512
1522
1533
1543
1553
1563
1573
1583
1592
1602
1612
1621
1631
1640
1649
1658
1667
1676
1685
1694
1702
1711
1719
1728
1736
1744
1752
1760
1768
1776
1783
1791
1798
1806
1813
1820
1827
1834
1841
1847
1854
1861
1867
1873
1879
1886
1891
1897
1903
1909
1914
1920
1925
1930
1935
1940
1945
1950
1955
1959
1964
1968
1972
1976
1980
1984
1988
1992
1995
1999
2002
2005
2008
2011
2014
2017
2019
2022
2024
2027
2029
2031
2033
2035
2036
2038
2039
2041
2042
2043
2044
2045
2046
2046
2047
2047
2048
2048
2048
2048
2048
2048
2047
2047
2046
2045
2044
2043
2042
2041
2040
2038
2037
2035
2033
2032
2030
2027
2025
2023
2020
2018
2015
2012
2009
2006
2003
2000
1996
1993
1989
1986
1982
1978
1974
1970
1965
1961
1956
1952
1947
1942
1937
1932
1927
1922
1916
1911
1905
1899
1894
1888
1882
1875
1869
1863
1856
1850
1843
1836
1829
1822
1815
1808
1801
1793
1786
1778
1771
1763
1755
1747
1739
1731
1722
1714
1705
1697
1688
1679
1670
1661
1652
1643
1634
1624
1615
1606
1596
1586
1576
1566
1556
1546
1536
1526
1516
1505
1495
1484
1473
1463
1452
1441
1430
1419
1407
1396
1385
1373
1362
1350
1339
1327
1315
1303
1291
1279
1267
1255
1243
1231
1218
1206
1193
1181
1168
1155
1142
1130
1117
1104
1091
1078
1064
1051
1038
1025
1011
998
984
971
957
943
930
916
902
888
874
860
846
832
818
804
789
775
761
747
732
718
703
689
674
659
645
630
615
601
586
571
556
541
526
512
497
482
467
452
436
421
406
391
376
361
345
330
315
300
284
269
254
238
223
208
192
177
162
146
131
115
100
85
69
54
38
23
7
-8
-24
-39
-54
-70
-85
-101
-116
-132
-147
-162
-178
-193
-208
-224
-239
-255
-270
-285
-300
-316
-331
-346
-361
-377
-392
-407
-422
-437
-452
-467
-482
-497
-512
-527
-542
-557
-572
-587
-601
-616
-631
-646
-660
-675
-689
-704
-718
-733
-747
-762
-776
-790
-804
-819
-833
-847
-861
-875
-889
-903
-916
-930
-944
-958
-971
-985
-998
-1012
-1025
-1039
-1052
-1065
-1078
-1091
-1104
-1117
-1130
-1143
-1156
-1169
-1181
-1194
-1206
-1219
-1231
-1243
-1256
-1268
-1280
-1292
-1304
-1316
-1328
-1339
-1351
-1363
-1374
-1385
-1397
-1408
-1419
-1430
-1441
-1452
-1463
-1474
-1485
-1495
-1506
-1516
-1526
-1537
-1547
-1557
-1567
-1577
-1587
-1596
-1606
-1615
-1625
-1634
-1644
-1653
-1662
-1671
-1680
-1688
-1697
-1706
-1714
-1723
-1731
-1739
-1747
-1755
-1763
-1771
-1779
-1786
-1794
-1801
-1808
-1816
-1823
-1830
-1837
-1843
-1850
-1857
-1863
-1870
-1876
-1882
-1888
-1894
-1900
-1905
-1911
-1917
-1922
-1927
-1932
-1937
-1942
-1947
-1952
-1957
-1961
-1965
-1970
-1974
-1978
-1982
-1986
-1989
-1993
-1997
-2000
-2003
-2006
-2009
-2012
-2015
-2018
-2020
-2023
-2025
-2028
-2030
-2032
-2034
-2035
-2037
-2039
-2040
-2041
-2042
-2044
-2044
-2045
-2046
-2047
-2047
-2048
-2048
-2048
-2048
-2048
-2048
-2047
-2047
-2046
-2046
-2045
-2044
-2043
-2042
-2041
-2039
-2038
-2036
-2035
-2033
-2031
-2029
-2027
-2024
-2022
-2019
-2017
-2014
-2011
-2008
-2005
-2002
-1998
-1995
-1991
-1988
-1984
-1980
-1976
-1972
-1968
-1964
-1959
-1954
-1950
-1945
-1940
-1935
-1930
-1925
-1919
-1914
-1909
-1903
-1897
-1891
-1885
-1879
-1873
-1867
-1860
-1854
-1847
-1840
-1834
-1827
-1820
-1812
-1805
-1798
-1790
-1783
-1775
-1767
-1760
-1752
-1744
-1735
-1727
-1719
-1710
-1702
-1693
-1685
-1676
-1667
-1658
-1649
-1639
-1630
-1621
-1611
-1602
-1592
-1582
-1572
-1562
-1552
-1542
-1532
-1522
-1511
-1501
-1490
-1480
-1469
-1458
-1447
-1436
-1425
-1414
-1403
-1392
-1380
-1369
-1357
-1346
-1334
-1322
-1310
-1299
-1287
-1275
-1262
-1250
-1238
-1226
-1213
-1201
-1188
-1176
-1163
-1150
-1137
-1124
-1112
-1099
-1085
-1072
-1059
-1046
-1033
-1019
-1006
-992
-979
-965
-952
-938
-924
-910
-896
-882
-869
-854
-840
-826
-812
-798
-784
-769
-755
-741
-726
-712
-697
-683
-668
-654
-639
-624
-610
-595
-580
-565
-550
-535
-520
-506
-491
-476
-460
-445
-430
-415
-400
-385
-370
-355
-339
-324
-309
-294
-278
-263
-248
-232
-217
-202
-186
-171
-155
-140
-125
-109
-94
-78
-63
-47
-32
-17
-1
14
30
45
61
76
91
107
122
138
153
169
184
199
215
230
245
261
276
291
307
322
337
352
368
383
398
413
428
443
458
473
488
503
518
533
548
563
578
593
607
622
637
651
666
681
695
710
724
739
753
767
782
796
810
824
838
852
866
880
894
908
922
936
949
963
977
990
1004
1017
1031
1044
1057
1070
1083
1097
1110
1123
1135
1148
1161
1174
1186
1199
1211
1224
1236
1248
1261
1273
1285
1297
1309
1321
1332
1344
1356
1367
1379
1390
1401
1413
1424
1435
1446
1457
1467
1478
1489
1499
1510
1520
1531
1541
1551
1561
1571
1581
1591
1600
1610
1619
1629
1638
1647
1656
1665
1674
1683
1692
1701
1709
1718
1726
1734
1742
1750
1758
1766
1774
1782
1789
1797
1804
1811
1819
1826
1833
1839
1846
1853
1859
1866
1872
1878
1884
1890
1896
1902
1908
1913
1919
1924
1929
1934
1939
1944
1949
1954
1958
1963
1967
1971
1976
1980
1983
1987
1991
1995
1998
2001
2005
2008
2011
2014
2016
2019
2021
2024
2026
2028
2030
2032
2034
2036
2038
2039
2040
2042
2043
2044
2045
2046
2046
2047
2047
2048
2048
2048
2048
2048
2048
2047
2047
2046
2045
2045
2044
2043
2041
2040
2039
2037
2036
2034
2032
2030
2028
2026
2023
2021
2018
2016
2013
2010
2007
2004
2000
1997
1994
1990
1986
1983
1979
1975
1970
1966
1962
1957
1953
1948
1943
1938
1933
1928
1923
1917
1912
1906
1901
1895
1889
1883
1877
1870
1864
1858
1851
1844
1838
1831
1824
1817
1810
1802
1795
1787
1780
1772
1764
1756
1748
1740
1732
1724
1715
1707
1698
1690
1681
1672
1663
1654
1645
1636
1626
1617
1607
1598
1588
1578
1568
1558
1548
1538
1528
1518
1507
1497
1486
1475
1465
1454
1443
1432
1421
1410
1398
1387
1376
1364
1353
1341
1329
1318
1306
1294
1282
1270
1258
1245
1233
1221
1208
1196
1183
1170
1158
1145
1132
1119
1106
1093
1080
1067
1054
1041
1027
1014
1000
987
973
960
946
932
918
905
891
877
863
849
835
821
806
792
778
764
749
735
720
706
691
677
662
648
633
618
604
589
574
559
544
529
514
499
485
469
454
439
424
409
394
379
364
348
333
318
303
287
272
257
241
226
211
195
180
165
149
134
118
103
88
72
57
41
26
10
-5
-21
-36
-51
-67
-82
-98
-113
-129
-144
-159
-175
-190
-205
-221
-236
-252
-267
-282
-297
-313
-328
-343
-358
-374
-389
-404
-419
-434
-449
-464
-479
-494
-509
-524
-539
-554
-569
-584
-599
-613
-628
-643
-657
-672
-687
-701
-716
-730
-744
-759
-773
-787
-802
-816
-830
-844
-858
-872
-886
-900
-914
-928
-941
-955
-969
-982
-996
-1009
-1023
-1036
-1049
-1062
-1076
-1089
-1102
-1115
-1128
-1141
-1153
-1166
-1179
-1191
-1204
-1216
-1229
-1241
-1253
-1265
-1278
-1290
-1302
-1313
-1325
-1337
-1349
-1360
-1372
-1383
-1395
-1406
-1417
-1428
-1439
-1450
-1461
-1472
-1482
-1493
-1504
-1514
-1524
-1535
-1545
-1555
-1565
-1575
-1585
-1594
-1604
-1614
-1623
-1632
-1642
-1651
-1660
-1669
-1678
-1687
-1695
-1704
-1713
-1721
-1729
-1738
-1746
-1754
-1762
-1769
-1777
-1785
-1792
-1800
-1807
-1814
-1821
-1828
-1835
-1842
-1849
-1855
-1862
-1868
-1875
-1881
-1887
-1893
-1899
-1904
-1910
-1915
-1921
-1926
-1931
-1936
-1941
-1946
-1951
-1956
-1960
-1965
-1969
-1973
-1977
-1981
-1985
-1989
-1992
-1996
-1999
-2003
-2006
-2009
-2012
-2015
-2017
-2020
-2022
-2025
-2027
-2029
-2031
-2033
-2035
-2037
-2038
-2040
-2041
-2042
-2043
-2044
-2045
-2046
-2047
-2047
-2047
-2048
-2048
-2048
-2048
-2048
-2047
-2047
-2047
-2046
-2045
-2044
-2043
-2042
-2041
-2040
-2038
-2037
-2035
-2033
-2031
-2029
-2027
-2025
-2022
-2020
-2017
-2014
-2012
-2009
-2006
-2002
-1999
-1996
-1992
-1989
-1985
-1981
-1977
-1973
-1969
-1964
-1960
-1955
-1951
-1946
-1941
-1936
-1931
-1926
-1921
-1915
-1910
-1904
-1898
-1892
-1886
-1880
-1874
-1868
-1862
-1855
-1848
-1842
-1835
-1828
-1821
-1814
-1807
-1799
-1792
-1784
-1777
-1769
-1761
-1753
-1745
-1737
-1729
-1721
-1712
-1704
-1695
-1686
-1677
-1668
-1659
-1650
-1641
-1632
-1623
-1613
-1604
-1594
-1584
-1574
-1564
-1554
-1544
-1534
-1524
-1513
-1503
-1492
-1482
-1471
-1460
-1449
-1439
-1427
-1416
-1405
-1394
-1383
-1371
-1360
-1348
-1336
-1325
-1313
-1301
-1289
-1277
-1265
-1253
-1240
-1228
-1216
-1203
-1191
-1178
-1165
-1153
-1140
-1127
-1114
-1101
-1088
-1075
-1062
-1048
-1035
-1022
-1008
-995
-981
-968
-954
-940
-927
-913
-899
-885
-871
-857
-843
-829
-815
-801
-787
-772
-758
-744
-729
-715
-700
-686
-671
-656
-642
-627
-612
-598
-583
-568
-553
-538
-523
-508
-493
-478
-463
-448
-433
-418
-403
-388
-373
-358
-342
-327
-312
-297
-281
-266
-251
-235
-220
-205
-189
-174
-158
-143
-128
-112
-97
-81
-66
-50
-35
-20
-4
11
27
42
58
73
88
104
119
135
150
166
181
196
212
227
242
258
273
288
304
319
334
349
365
380
395
410
425
440
455
470
485
500
515
530
545
560
575
590
604
619
634
649
663
678
692
707
721
736
750
765
779
793
807
821
836
850
864
878
892
905
919
933
947
960
974
988
1001
1015
1028
1041
1055
1068
1081
1094
1107
1120
1133
1146
1159
1171
1184
1196
1209
1221
1234
1246
1258
1270
1282
1294
1306
1318
1330
1342
1353
1365
1376
1388
1399
1410
1422
1433
1444
1454
1465
1476
1487
1497
1508
1518
1529
1539
1549
1559
1569
1579
1589
1598
1608
1617
1627
1636
1645
1655
1664
1673
1681
1690
1699
1708
1716
1724
1733
1741
1749
1757
1765
1773
1780
1788
1795
1803
1810
1817
1824
1831
1838
1845
1851
1858
1864
1871
1877
1883
1889
1895
1901
1907
1912
1918
1923
1928
1933
1938
1943
1948
1953
1958
1962
1966
1971
1975
1979
1983
1987
1990
1994
1997
2001
2004
2007
2010
2013
2016
2018
2021
2023
2026
2028
2030
2032
2034
2036
2037
2039
2040
2041
2043
2044
2045
2045
2046
2047
2047
2048
2048
2048
2048
2048
2048
2047
2047
2046
2046
2045
2044
2043
2042
2040
2039
2038
2036
2034
2032
2030
2028
2026
2024
2021
2019
2016
2013
2010
2007
2004
2001
1998
1994
1991
1987
1983
1979
1975
1971
1967
1963
1958
1954
1949
1944
1939
1934
1929
1924
1918
1913
1907
1902
1896
1890
1884
1878
1872
1865
1859
1852
1846
1839
1832
1825
1818
1811
1804
1796
1789
1781
1774
1766
1758
1750
1742
1734
1725
1717
1709
1700
1691
1683
1674
1665
1656
1647
1637
1628
1619
1609
1600
1590
1580
1570
1560
1550
1540
1530
1520
1509
1499
1488
1478
1467
1456
1445
1434
1423
1412
1401
1389
1378
1366
1355
1343
1332
1320
1308
1296
1284
1272
1260
1248
1235
1223
1211
1198
1186
1173
1160
1147
1135
1122
1109
1096
1083
1070
1056
1043
1030
1016
1003
989
976
962
949
935
921
907
893
880
866
852
838
823
809
795
781
766
752
738
723
709
694
680
665
651
636
621
606
592
577
562
547
532
517
502
487
472
457
442
427
412
397
382
367
351
336
321
306
290
275
260
244
229
214
198
183
168
152
137
121
106
91
75
60
44
29
13
-2
-18
-33
-48
-64
-79
-95
-110
-126
-141
-156
-172
-187
-203
-218
-233
-249
-264
-279
-294
-310
-325
-340
-355
-371
-386
-401
-416
-431
-446
-461
-476
-491
-506
-521
-536
-551
-566
-581
-596
-610
-625
-640
-654
-669
-684
-698
-713
-727
-742
-756
-770
-785
-799
-813
-827
-841
-855
-869
-883
-897
-911
-925
-939
-952
-966
-980
-993
-1007
-1020
-1033
-1047
-1060
-1073
-1086
-1099
-1112
-1125
-1138
-1151
-1164
-1176
-1189
-1201
-1214
-1226
-1239
-1251
-1263
-1275
-1287
-1299
-1311
-1323
-1335
-1346
-1358
-1370
-1381
-1392
-1404
-1415
-1426
-1437
-1448
-1459
-1470
-1480
-1491
-1502
-1512
-1522
-1533
-1543
-1553
-1563
-1573
-1583
-1593
-1602
-1612
-1621
-1631
-1640
-1649
-1658
-1667
-1676
-1685
-1694
-1702
-1711
-1719
-1728
-1736
-1744
-1752
-1760
-1768
-1776
-1783
-1791
-1798
-1806
-1813
-1820
-1827
-1834
-1841
-1848
-1854
-1861
-1867
-1873
-1880
-1886
-1892
-1897
-1903
-1909
-1914
-1920
-1925
-1930
-1935
-1940
-1945
-1950
-1955
-1959
-1964
-1968
-1972
-1976
-1980
-1984
-1988
-1992
-1995
-1999
-2002
-2005
-2008
-2011
-2014
-2017
-2019
-2022
-2024
-2027
-2029
-2031
-2033
-2035
-2036
-2038
-2039
-2041
-2042
-2043
-2044
-2045
-2046
-2046
-2047
-2047
-2048
-2048
-2048
-2048
-2048
-2048
-2047
-2047
-2046
-2045
-2044
-2043
-2042
-2041
-2040
-2038
-2037
-2035
-2033
-2032
-2030
-2027
-2025
-2023
-2020
-2018
-2015
-2012
-2009
-2006
-2003
-2000
-1996
-1993
-1989
-1986
-1982
-1978
-1974
-1969
-1965
-1961
-1956
-1952
-1947
-1942
-1937
-1932
-1927
-1922
-1916
-1911
-1905
-1899
-1894
-1888
-1882
-1875
-1869
-1863
-1856
-1850
-1843
-1836
-1829
-1822
-1815
-1808
-1801
-1793
-1786
-1778
-1771
-1763
-1755
-1747
-1739
-1730
-1722
-1714
-1705
-1697
-1688
-1679
-1670
-1661
-1652
-1643
-1634
-1624
-1615
-1605
-1596
-1586
-1576
-1566
-1556
-1546
-1536
-1526
-1515
-1505
-1495
-1484
-1473
-1462
-1452
-1441
-1430
-1419
-1407
-1396
-1385
-1373
-1362
-1350
-1339
-1327
-1315
-1303
-1291
-1279
-1267
-1255
-1243
-1230
-1218
-1206
-1193
-1180
-1168
-1155
-1142
-1129
-1117
-1104
-1091
-1077
-1064
-1051
-1038
-1024
-1011
-998
-984
-970
-957
-943
-929
-916
-902
-888
-874
-860
-846
-832
-818
-804
-789
-775
-761
-746
-732
-717
-703
-688
-674
-659
-645
-630
-615
-601
-586
-571
-556
-541
-526
-511
-496
-481
-466
-451
-436
-421
-406
-391
-376
-360
-345
-330
-315
-300
-284
-269
-254
-238
-223
-208
-192
-177
-161
-146
-131
-115
-100
-84
-69
-53
-38
-23
-7
8
